encog,BasicNetwork,java,3.4.0,1,1582830943340
[BASIC]
[BASIC:PARAMS]
[BASIC:NETWORK]
beginTraining=0
connectionLimit=0
contextTargetOffset=0,0,0,0
contextTargetSize=0,0,0,0
endTraining=3
hasContext=f
inputCount=1
layerCounts=1,7,7,2
layerFeedCounts=1,6,6,1
layerContextCount=0,0,0,0
layerIndex=0,1,8,15
output=0,0,0,0,0,0,0,1,0,0,0,0,0,0,1,0,1
outputCount=1
weightIndex=0,7,49,61
weights=0.6848075778,-0.1845868677,-0.5203446854,-0.8780102145,-0.7503815374,0.0833680686,0.6056858177,0.6078079442,0.7369283546,0.7023691578,0.5819540523,-0.0974275782,-0.2755883342,0.6372683874,0.3391985983,-0.3216739386,-0.8372001692,0.5324526063,0.2313802965,0.0404379019,0.5169558522,-0.350316247,0.3868374406,-0.1088039391,-0.4114490627,-0.0403334815,0.6600656874,-0.7950299011,0.3794615274,0.4595291518,-0.000833211,0.321707524,-0.2415757436,0.0781752407,-0.4654271841,-0.2096270724,-0.1217428092,0.4417687497,0.5314342828,-0.3320433116,-0.6643118618,0.4892562061,-0.8738408119,-0.7082330046,-0.8294646602,-0.1649727859,-1.1017266505,0.4722568673,-0.799291772,0.121798704,0.4815091748,0.729379527,1.0138205781,0.4238936134,0.5871836307,0.6477859306,0.0774932239,-0.822787361,-0.669657991,-4.111042435,-3.5776494352
biasActivation=0,1,1,1
[BASIC:ACTIVATION]
"org.encog.engine.network.activation.ActivationSigmoid"
"org.encog.engine.network.activation.ActivationSigmoid"
"org.encog.engine.network.activation.ActivationSigmoid"
"org.encog.engine.network.activation.ActivationLinear"
