encog,BasicNetwork,java,3.4.0,1,1578337830412
[BASIC]
[BASIC:PARAMS]
[BASIC:NETWORK]
beginTraining=0
connectionLimit=0
contextTargetOffset=0,0,0,0
contextTargetSize=0,0,0,0
endTraining=3
hasContext=f
inputCount=1
layerCounts=1,7,7,2
layerFeedCounts=1,6,6,1
layerContextCount=0,0,0,0
layerIndex=0,1,8,15
output=0,0,0,0,0,0,0,1,0,0,0,0,0,0,1,0,1
outputCount=1
weightIndex=0,7,49,61
weights=1.1067078437,-0.5404777594,-0.9493332727,-1.520077663,-0.7373392821,1.3502153755,0.5930266051,2176.879700236,-0.3146420306,2.3002241232,-2.3896149784,102.5625441774,-3.2984061613,0.5345483451,-2445.0448971833,-0.3130027191,-2.3961165801,0.6551525576,-30.4024300463,0.2009639357,0.4711155164,-2226.6222085388,0.4956340242,-1.4699714397,0.7585354628,-35.6579070078,3.458491572,-0.7823480257,-2328.9777179965,0.4804477635,-1.6365867539,0.5863019913,-35.8591492698,0.4116052914,-0.5058837653,-2226.4815193641,-0.0882075632,-1.4485081488,0.7961071181,-35.9496168379,-0.4828604396,0.4488378244,2853.1483782157,-0.8897205762,21.9960426206,-1.1353429461,202.3981733452,-2.7183678495,-1.0637362731,-4144.8826346372,1.8521252012,6392.7076193357,1.0256867406,-220.4756967218,6.5422706791,5643.3632124493,0.0684519692,-6045.2682841599,-0.6627926482,226.0218472422,-2.8018117009
biasActivation=0,1,1,1
[BASIC:ACTIVATION]
"org.encog.engine.network.activation.ActivationSigmoid"
"org.encog.engine.network.activation.ActivationSigmoid"
"org.encog.engine.network.activation.ActivationSigmoid"
"org.encog.engine.network.activation.ActivationLinear"
