encog,BasicNetwork,java,3.4.0,1,1582900174373
[BASIC]
[BASIC:PARAMS]
[BASIC:NETWORK]
beginTraining=0
connectionLimit=0
contextTargetOffset=0,0,0,0
contextTargetSize=0,0,0,0
endTraining=3
hasContext=f
inputCount=1
layerCounts=1,7,7,2
layerFeedCounts=1,6,6,1
layerContextCount=0,0,0,0
layerIndex=0,1,8,15
output=0,0,0,0,0,0,0,1,0,0,0,0,0,0,1,0,1
outputCount=1
weightIndex=0,7,49,61
weights=0.7065575778,-0.1628368677,-0.4985946854,-0.8562602145,-0.7286315374,0.1051180686,0.6274358177,0.6295579442,0.7586783546,0.7241191578,0.6037040523,-0.0756775782,-0.2538383342,0.6590183874,0.3174485983,-0.3434239386,-0.8589501692,0.5107026063,0.2096302965,0.0186879019,0.4952058522,-0.372066247,0.3650874406,-0.1305539391,-0.4331990627,-0.0620834815,0.6383156874,-0.8167799011,0.3577115274,0.4377791518,-0.022583211,0.299957524,-0.2633257436,0.0564252407,-0.4871771841,-0.2313770724,-0.1434928092,0.4200187497,0.5096842828,-0.3537933116,-0.6860618618,0.4675062061,-0.6029508119,-0.4373430046,-0.5585746602,0.1059172141,-0.8308366505,0.7431468673,-0.528401772,0.392688704,0.7523991748,0.475879527,0.7603205781,0.6947836134,0.8580736307,0.3942859306,-0.1760067761,-0.801037361,-0.647907991,0.0390098818,0.2380491148
biasActivation=0,1,1,1
[BASIC:ACTIVATION]
"org.encog.engine.network.activation.ActivationSigmoid"
"org.encog.engine.network.activation.ActivationSigmoid"
"org.encog.engine.network.activation.ActivationSigmoid"
"org.encog.engine.network.activation.ActivationLinear"
