encog,BasicNetwork,java,3.4.0,1,1578333308201
[BASIC]
[BASIC:PARAMS]
[BASIC:NETWORK]
beginTraining=0
connectionLimit=0
contextTargetOffset=0,0,0,0
contextTargetSize=0,0,0,0
endTraining=3
hasContext=f
inputCount=1
layerCounts=1,7,7,2
layerFeedCounts=1,6,6,1
layerContextCount=0,0,0,0
layerIndex=0,1,8,15
output=0,0,0,0,0,0,0,1,0,0,0,0,0,0,1,0,1
outputCount=1
weightIndex=0,7,49,61
weights=0.6408305318,-0.5595279345,-0.8407229438,-0.9630209993,-0.7968187536,-4.8502454718,0.5471502814,0.6163220795,-3.1807048716,0.726252169,1.4026314132,-0.0012470713,-3.7964833312,0.3707545222,0.3306844629,0.1881908929,-0.9254283174,0.484956862,-0.3680160233,4.7669434616,0.5676767788,-0.3686615255,0.4970026114,-0.1217601673,-0.471209823,-0.1428801172,3.674180035,-0.7380613693,0.358107065,0.673484198,-0.0668346988,0.3511965145,-0.3441223793,2.2263716412,-0.4063620843,-0.2279723509,2.5200078914,0.3234772787,1.1304427469,-0.8793703298,2.8565831352,0.5877798265,-1.6486057042,2.7317303223,-1.5202638192,0.8127587942,-3.574767312,16.5087311329,-1.3273521766,3054.5044874619,-122.9366810838,-117.7859530598,1.0590153547,2637.9103103713,-2.2513204531,-1636.70478886,0.1406799105,119.0965019072,-0.7305140736,-2059.3443592308,0.0471034112
biasActivation=0,1,1,1
[BASIC:ACTIVATION]
"org.encog.engine.network.activation.ActivationSigmoid"
"org.encog.engine.network.activation.ActivationSigmoid"
"org.encog.engine.network.activation.ActivationSigmoid"
"org.encog.engine.network.activation.ActivationLinear"
